[[[128 161 195]
  [129 161 196]
  [128 160 195]
  ..., 
  [126 161 198]
  [126 160 197]
  [127 160 199]]

 [[127 159 194]
  [129 161 196]
  [129 161 196]
  ..., 
  [124 159 196]
  [123 158 195]
  [125 158 197]]

 [[129 159 194]
  [128 160 195]
  [130 162 197]
  ..., 
  [125 159 198]
  [125 159 198]
  [125 158 197]]

 ..., 
 [[ 36  51  64]
  [ 36  51  64]
  [ 37  52  65]
  ..., 
  [ 42  57  69]
  [ 44  59  71]
  [ 48  63  75]]

 [[ 37  52  65]
  [ 37  52  65]
  [ 37  52  65]
  ..., 
  [ 42  57  69]
  [ 44  59  71]
  [ 47  62  75]]

 [[ 37  52  65]
  [ 37  52  65]
  [ 35  50  63]
  ..., 
  [ 42  57  69]
  [ 43  58  70]
  [ 43  58  71]]]
